-0.65827
0.27611
0.16941
1.21130
0.44392
-1.54211
1.37365
0.40714
0.33331
-1.77749
-0.15419
-0.82265
-0.64557
0.64726
-0.00090
0.90108
-0.07585
2.29657
0.27691
-0.55471
-1.14125
0.60491
0.02865
0.36495
-1.00346
0.56594
1.97897
-0.18901
-0.39438
0.86750
-1.34397
-1.16076
-0.39664
1.00860
2.16701
-0.14335
-0.16338
0.33020
-0.46165
-0.33412
-0.27041
0.82438
0.43081
-1.50701
0.04605
-0.42175
0.06146
-0.24575
0.70860
-0.72376
1.59910
0.91454
0.66377
0.14847
1.84080
0.46047
0.50560
0.33716
0.39306
0.30872
-0.25518
-0.33145
-1.00260
1.51621
0.19334
0.56960
-0.83754
-0.35548
-1.39733
-0.22875
-1.35185
-1.96195
-2.34460
1.65640
-1.07849
0.76100
-0.50743
-2.07112
-1.99489
-0.92579
1.31029
0.11883
1.27930
-0.27124
-0.06331
0.17831
0.10389
-1.00878
0.37589
-2.33073
0.76625
-0.79694
-0.12311
-1.81602
-0.38962
-0.96832
-0.39043
0.80786
-0.38628
2.41311
-0.93247
-2.10960
-0.22563
-1.91311
2.17159
-0.77230
-0.55268
0.05331
0.54567
0.03166
-0.78870
-2.61496
-0.80136
0.13152
0.16586
0.24943
-0.42484
-0.26400
0.63946
2.32264
2.23747
0.33431
-0.54028
0.68512
-0.91012
-0.46319
-0.21545
0.02558
1.05956
0.64754
-1.00528
-0.26399
0.48885
-0.01042
-0.51458
0.11424
0.20170
-0.92061
-2.57869
-0.13864
0.20846
-0.71210
-1.35034
-0.07033
1.05488
0.97918
0.66866
0.65610
-0.42131
-2.09994
-0.05871
0.40429
2.76755
-0.67020
-0.05434
-1.00267
-0.98390
-0.48190
-0.23771
0.30774
0.77270
-0.16753
-0.99978
1.49390
-0.35310
0.17870
-1.11536
-1.46595
0.13167
-0.82234
0.22120
1.70401
-0.92023
0.21962
-0.49729
1.87429
0.25110
0.40859
0.32959
-1.49612
-0.02667
1.11735
2.14228
-0.85992
-0.89385
-1.55786
1.59752
-0.24801
-0.43719
0.62712
0.52612
-0.80989
-0.61534
-1.49503
-0.10367
-1.72591
0.21777
0.87774
1.96323
0.43957
-0.24900
-0.29185
-2.11762
-1.73515
-0.48617
0.37736
-0.27473
0.41099
1.30042
-0.40121
0.18699
1.43366
-1.27844
2.26902
0.49296
-1.10537
-0.00959
-1.31816
-0.65291
0.26264
-0.37723
-0.34393
-0.03128
3.02148
-2.30614
-0.00704
0.03895
1.17135
-0.68016
0.62857
0.75213
2.62886
0.30257
0.05409
-0.73465
0.70960
1.19798
0.27206
0.04867
0.88144
-0.44733
-0.35371
-1.38724
0.06523
-0.83935
-0.03518
0.80861
-0.10994
0.08951
-0.47977
-0.42831
-0.10189
-1.29624
0.00181
0.21561
-1.20849
-2.03694
-2.62068
2.29145
0.65710
-0.20761
-0.62577
0.06226
1.44165
-1.46803
-1.57750
0.13817
0.47922
0.67996
-0.16053
0.49012
-0.50407
0.37013
-1.96794
1.15292
1.43035
-0.30725
0.28648
-0.34619
-0.49627
-0.77995
0.03778
0.75434
-0.08273
1.64304
-1.16247
-0.37118
-1.23315
0.29713
0.00872
-0.29073
-2.37311
0.90522
-1.66932
-0.80327
-1.40994
1.76515
0.97602
-1.09478
1.39877
0.26840
0.63351
0.26076
1.74301
-1.34172
-0.29135
0.07670
-0.44558
-1.04258
0.72212
0.77603
-0.55604
-0.11661
1.42955
-0.73328
1.11677
-0.44564
0.12506
-0.42729
-0.85364
2.41607
-3.42186
0.47027
1.12374
0.54312
-1.48392
1.04485
0.95483
0.89201
2.71245
-0.28939
0.48824
1.41587
-1.06367
-0.37507
0.72176
-2.32132
1.01312
0.41504
0.24062
-0.21286
-0.06625
0.80647
0.82683
1.71038
-1.13717
1.83349
-0.79657
-0.25821
-0.60472
1.48368
-1.21664
1.56235
0.31578
-0.12078
0.50040
0.33178
-0.76238
1.60580
-0.66625
0.21024
0.18890
0.30106
2.11869
-0.59269
-0.55624
0.38280
-0.07741
-0.07439
2.01031
1.32749
1.05341
-0.14536
2.15168
-0.13915
-0.34097
-1.19689
0.26787
-0.33159
0.38389
0.46021
0.77177
0.07050
-0.01112
0.87633
-0.21596
-1.34537
0.88577
0.85148
-1.32964
1.00841
-1.87853
1.04476
-0.28396
-0.84824
-0.60776
0.65853
-0.52170
0.90722
1.37308
0.28565
-0.67665
1.77593
0.59959
-0.33410
-0.86694
0.67586
1.39983
-0.74403
-0.36530
-0.52953
0.62255
-0.20423
-1.08118
-0.19964
1.50861
-0.23185
0.86526
-0.51174
0.59859
0.86269
0.94762
-0.06057
1.07621
2.40872
0.49695
2.14486
-0.38213
-0.11542
-0.09935
1.48360
-1.17663
-0.56506
-0.07619
0.66869
1.50931
1.07961
2.41686
0.06253
-1.97735
0.69730
-1.77016
-0.10842
0.39861
-0.08506
0.18432
0.86296
1.27014
0.71662
-1.14347
-0.18426
-0.94382
0.01866
0.62442
0.12984
-1.57917
-0.53721
-0.05071
0.10339
0.32872
-1.36227
-0.88065
-0.83342
-0.14793
-1.08359
1.19426
-0.61629
-0.94428
-0.04698
1.71296
1.23103
0.53184
0.01367
0.13369
-2.37445
0.43768
-2.05628
0.56041
0.14287
0.28695
0.95995
-0.58184
1.65894
0.42621
0.11092
0.22897
0.23930
0.21846
0.44947
-0.22179
0.33688
0.00722
0.10456
2.17411
-0.80583
-0.18359
-0.73762
-0.05376
1.09756
-0.50056
-0.70504
0.53079
0.74696
-0.17685
2.01894
-0.50710
0.26968
-0.44714
1.20782
0.93460
0.11361
-0.14475
-0.04194
-0.16025
0.67185
-0.57727
-1.40927
-0.15374
1.11630
-1.44606
-0.34165
1.25453
-0.09703
-1.06007
-0.02891
0.15820
-0.43164
0.13559
0.18921
-1.07918
0.32792
0.82217
0.25766
1.05605
-0.56036
-1.19106
-1.39945
0.68218
-0.58144
-2.00508
-1.14990
-0.42930
0.69209
-0.31552
2.04428
0.63142
0.88805
-1.07000
0.16828
-0.36591
-0.49480
0.41191
-0.41766
-0.11903
-0.70747
0.24777
1.74756
0.43308
-0.16465
-0.02923
0.17282
0.00447
2.42271
-0.93163
0.86922
-0.49307
-0.51367
1.05825
0.86858
0.50907
-0.99275
0.50699
0.12272
2.11866
1.22844
0.27048
-1.20505
0.28800
0.80017
-0.48343
0.61547
1.12846
-0.64129
-1.20309
-0.09261
0.13438
1.07531
-1.59619
-0.11158
-1.85584
-2.03231
0.07962
-0.21384
-1.23589
-0.54036
0.85433
-0.13620
0.02086
1.58999
0.94121
-0.04331
-0.49766
0.90314
-0.14838
-0.42654
-1.11754
0.93389
-0.13764
-0.67236
0.57378
-0.13895
0.48940
-0.34308
-1.66915
-0.02726
-1.13213
0.45297
0.36891
-0.26798
0.13136
0.93632
-0.24299
-0.50330
-0.06157
0.47298
-0.39495
1.34163
0.59369
1.12005
-0.22965
-1.34902
0.52668
-0.16996
1.22226
1.46700
1.30153
0.20531
0.69217
0.43651
0.92435
-0.03941
-0.53767
-0.79864
-0.04439
1.45434
-0.97389
1.31334
0.54795
0.62080
1.88445
-0.05785
-0.45796
1.52623
1.11806
-0.31583
-1.18514
0.09093
-1.17047
0.01737
0.01734
-2.08775
0.87047
-0.67954
0.66646
-0.06259
1.81250
0.74830
-0.50586
-0.39243
2.00221
-0.39803
0.87576
0.79117
0.07111
-0.13523
-0.76602
0.56550
0.55139
-0.46211
0.45020
0.95051
0.40693
-0.01731
-0.59401
0.35143
0.96480
0.06185
0.27871
-0.13042
-0.33032
0.06126
0.02238
-0.29462
-0.36906
1.01574
-1.38895
2.52327
-1.27595
-0.38887
-0.13548
0.23962
2.14573
-1.30595
-1.33433
0.16972
0.07046
-0.99295
0.63156
-0.33112
-0.67563
0.96978
-0.93892
-0.62803
-0.34896
2.09277
-0.29030
0.63843
-1.68707
0.89687
1.26597
2.55989
-1.47063
-0.55201
0.73456
0.12741
0.48145
0.46606
0.29095
0.25469
1.16198
0.62655
-0.45813
-0.23033
-0.68197
-1.67013
-0.27814
-1.54653
0.32134
-0.15894
0.53891
-1.03972
0.04578
1.05043
0.00713
-1.77272
1.65763
-0.04183
2.13551
0.50288
-0.39985
-1.29257
0.74130
-2.38128
-0.97926
-0.53805
0.29376
1.80752
-0.52066
-1.20523
0.38550
1.15140
0.40480
-0.04184
0.59766
-0.15969
0.25501
-1.75722
-0.90993
0.27084
-0.15259
-0.66177
-1.37823
-0.75658
-2.73419
-0.50732
0.42535
1.86971
0.38247
0.72267
-0.86418
-1.19135
-0.04482
0.45572
-1.56024
0.60695
1.01113
0.04976
1.29323
-0.38556
-0.97931
0.29361
1.41827
0.08164
-0.32060
-0.50692
-0.85481
0.79186
0.86126
-0.58328
-1.03243
1.90508
0.47978
-0.48514
-3.21095
0.60798
0.12491
-0.39748
-1.36725
-0.88811
-1.34646
-1.56632
-0.27458
-0.17626
-0.87690
-0.17736
1.49699
-0.72591
0.38672
1.31146
-1.12782
-0.82430
-0.88067
-0.23533
-0.01929
-0.11688
0.42557
-1.29074
-0.43260
0.55562
0.37361
1.28187
0.09521
-0.14114
2.05024
0.39653
0.40741
1.20486
0.85438
-0.96447
0.58396
0.47691
0.15391
0.81823
-1.22569
-0.27531
-1.62540
-0.19385
1.66694
-1.01466
-0.28765
1.53686
-0.00916
-1.13563
0.32472
1.10953
-0.54856
0.96694
0.96275
1.18742
0.66030
-1.03098
0.80733
0.08649
0.37945
0.35957
0.19548
-1.32770
-0.27132
1.04051
1.86184
0.94331
-0.76988
1.10679
0.12815
1.60165
-1.31416
-1.22032
-1.75064
1.52857
-0.94747
1.47955
0.96754
0.74565
-1.85284
-0.03404
0.03923
-0.16384
-1.35283
-0.90527
-0.03724
-0.24253
-0.47603
0.65620
0.77448
-1.23390
0.32726
2.46026
-1.27919
0.85579
-1.47828
-1.27169
-0.28154
1.03029
0.50641
-1.04482
0.80203
-3.16112
1.11147
2.23517
0.19710
-1.47621
-1.06730
0.35216
-0.85634
-0.93278
-0.00148
-0.63866
-0.07646
-1.00843
0.13638
0.66496
-2.42525
-0.02142
0.08939
0.70012
0.28232
0.54755
0.94183
0.89380
-1.05085
0.96923
-0.42866
-1.20357
0.96749
-0.37642
1.25820
1.38181
-1.47965
-1.31108
-0.62480
-0.10726
0.03979
0.86015
0.98597
-0.61630
1.12505
1.05628
-0.13757
-0.08972
0.31367
-0.41300
-0.85977
0.19303
1.63059
0.71407
0.12871
-0.41855
-1.78371
1.19187
-0.78021
-0.09206
1.50223
0.18111
-0.92480
-0.73059
0.28609
-1.58301
1.26293
-0.06626
0.76297
0.47902
0.83758
-0.21230
-0.39586
-0.52238
0.71678
1.03799
-1.40114
-1.41609
-0.16367
-0.81327
0.55689
-0.89145
0.37367
-0.96231
-0.43169
0.45773
1.61418
-0.49296
-0.09009
1.16751
0.14786
0.57673
1.38603
-0.29414
1.40356
0.17449
0.28060
-1.25405
-1.03871
