2.21516
1.89768
2.44002
1.12975
1.34985
2.01207
1.55072
0.54035
1.54794
1.12007
1.77167
1.40422
2.68193
1.60490
1.86527
2.27057
1.72758
2.76837
2.64868
2.95398
1.00612
1.95529
2.29838
2.15883
2.30554
2.36379
1.11622
1.79417
1.11188
2.48326
2.05840
1.71755
1.71665
1.69586
1.77547
2.73453
2.79484
1.74539
2.35654
2.27998
2.72222
2.24748
1.46124
1.27395
2.26704
2.58529
1.18528
1.89877
1.73036
1.29536
1.62922
1.58130
1.40152
2.03149
2.22774
1.66351
1.93223
1.82019
2.27007
2.41184
2.27108
1.69292
1.27556
2.33145
1.76136
1.76452
2.76396
1.80658
1.55787
2.07216
1.21817
1.69080
2.10661
1.54144
1.92474
2.54850
1.78194
2.07088
2.36520
2.13982
1.20861
0.92863
2.23367
1.63219
2.33416
2.39401
2.04896
2.11105
2.05915
2.52992
1.97175
1.61032
1.31563
1.03752
1.83513
1.46234
2.27093
2.43141
1.52922
2.70410
1.41763
2.80311
2.01190
2.85365
2.47165
2.32926
2.63378
2.61915
2.15397
2.81622
1.57847
1.67694
2.05580
2.17205
2.43828
0.50568
1.79932
0.95040
1.37876
2.73052
1.82511
1.81719
2.09345
1.99566
2.90148
1.52987
1.13583
1.61547
1.58274
2.78424
1.66789
1.12498
2.34072
1.98136
1.80281
2.00583
1.26053
3.11720
1.53443
1.48107
2.68481
1.73551
2.08694
1.79111
1.51923
1.53534
2.64641
1.98212
1.55488
1.39402
2.27063
1.76361
1.87694
0.96996
2.11808
2.06159
2.68223
2.07206
2.22854
1.75848
1.58928
2.15122
2.33419
2.84773
1.65663
1.54908
3.34124
2.65865
1.79843
1.02088
1.59667
0.45756
1.66920
1.73653
2.51431
2.31712
2.43113
2.72350
2.65592
0.76658
1.51785
2.24814
1.88216
1.91759
2.30406
1.59839
0.93600
1.72805
2.18563
2.22633
2.08192
1.23176
1.13876
2.36038
2.78232
1.43865
2.02893
2.56033
1.79084
1.88615
1.36674
2.05582
1.40140
2.13172
2.32290
1.45233
2.15601
1.70161
2.55913
2.56251
1.87092
1.76554
1.60512
1.90164
1.79315
2.82215
2.34103
2.31958
2.87666
2.33368
2.26306
2.25461
2.12162
3.34785
1.88144
1.79474
0.87314
2.57328
1.42023
1.71830
2.61644
1.57441
2.04108
1.12475
2.64826
2.10715
1.87214
1.34697
2.15821
1.67462
1.62789
2.31483
2.74036
2.46004
1.53323
2.28841
1.59850
2.81605
2.76494
1.96110
2.33431
1.62354
2.19794
1.21857
2.45916
1.64974
1.90812
1.26862
2.92277
2.00358
1.87449
2.19608
1.77136
2.13019
2.78749
2.82800
2.74698
2.25907
2.31910
2.02585
1.71410
2.12257
2.10421
1.65496
1.23962
2.20000
1.96416
2.37478
2.02265
2.29011
1.84404
1.56463
1.88979
1.59996
2.21420
2.27060
1.43678
2.16699
2.42310
2.84712
2.27647
1.65258
1.81776
1.77840
2.92684
2.42237
3.01398
2.61625
1.39220
2.19799
2.07611
2.26457
1.77755
2.12590
2.13133
1.64678
2.86516
1.81766
2.60003
1.68628
2.30053
2.03189
2.02030
2.81304
2.10854
1.80354
1.39700
2.26151
1.98600
1.88792
2.13664
2.32077
2.97319
1.54072
2.41599
2.49642
2.27645
1.52667
2.04818
1.23756
1.83844
1.54483
1.99890
2.88545
1.90302
1.49520
1.89074
1.79642
2.19445
3.17844
1.71681
1.63938
2.67710
2.33547
2.62935
1.24626
2.45691
2.22226
1.46696
2.15810
2.10201
2.25069
1.72927
2.81022
2.01850
1.89219
1.20024
1.95076
1.92395
1.54064
1.53509
3.10046
1.85476
1.52266
2.24949
2.43011
2.02619
0.90658
2.50586
1.39359
1.43884
1.21146
0.49045
3.24603
2.30030
1.97451
2.35443
2.80422
1.72619
2.42011
1.62761
1.26450
1.65960
1.90220
1.97662
2.19581
2.24830
2.43680
2.24605
2.19287
1.54517
1.53687
1.69818
1.26058
1.64539
3.04583
1.11170
2.52922
2.00152
2.37871
2.03926
1.17262
2.12945
1.20711
2.63059
2.49562
1.43365
2.87136
1.81050
0.74861
2.47900
1.87079
1.44339
1.97660
2.34821
2.29309
1.82144
1.51525
1.31373
1.77075
1.59288
2.01871
2.17612
2.35580
1.63347
0.87084
1.60543
2.16227
1.28558
2.79933
1.74878
1.88316
3.10152
1.67099
2.25464
1.83093
1.50346
0.63743
1.81911
2.23894
1.04823
2.82371
1.19559
1.34537
3.26970
2.84339
1.61485
1.80694
2.22022
2.38098
2.39002
1.69478
2.11861
2.36983
1.61674
2.38078
2.96784
1.72527
1.78002
2.11705
0.76563
2.60678
1.29499
1.66768
1.65723
2.13134
2.14291
1.97522
1.46789
1.49539
1.73042
2.17870
2.46797
2.25801
2.03714
1.94257
2.63921
1.86747
2.02944
1.45242
2.54192
2.71361
1.61794
2.11939
2.03627
1.97108
1.76682
2.19534
2.17593
2.24092
2.39484
1.85528
1.45989
2.76136
2.30575
2.35424
2.48797
2.13894
2.67377
1.39950
2.15750
2.16385
2.19836
2.11810
1.67669
2.04841
2.12482
0.76219
1.97119
1.76405
1.68375
2.12339
2.04207
2.05331
2.09485
2.34016
1.90789
2.09876
1.21403
1.98203
1.40713
2.21415
3.37263
2.18666
2.31643
2.46311
1.75956
1.87775
2.32927
2.03131
2.11691
2.16605
1.15416
2.32619
0.84333
2.59912
1.31581
1.83244
1.83414
1.51512
2.39793
2.50032
2.47171
2.48150
1.77928
1.79690
2.05732
1.59331
2.53654
2.13693
2.42316
2.89389
2.17210
2.08492
1.97748
1.20163
1.72265
1.33875
2.89797
1.92019
2.23634
1.45245
1.70090
1.68222
1.46358
2.54174
2.14631
1.69822
1.59233
2.11302
1.96164
2.72213
1.26325
2.85756
1.82498
1.93580
1.74169
2.13706
2.07981
1.94521
1.37139
1.80991
0.62647
1.83181
2.09175
1.83136
1.79264
1.91924
2.23670
1.38641
2.44223
1.85849
2.09739
2.56275
1.23324
1.89190
1.94156
1.74865
1.93342
2.22648
2.30373
2.39935
2.63625
2.06638
2.11899
1.08448
2.95970
2.41612
2.26028
1.43655
1.47821
2.23456
2.20368
1.72272
2.52116
2.32743
1.94052
1.66848
2.06253
0.96774
1.97443
0.32898
2.28345
1.62649
1.39127
2.55502
1.50225
2.55973
1.95072
1.84607
2.11454
1.59844
1.57236
1.57846
1.73137
2.24938
2.13051
2.23821
1.53796
2.03103
1.59746
2.97182
1.94348
1.62427
1.35411
2.48192
1.90380
1.47776
1.58500
1.86127
1.84531
2.42168
1.33869
1.59167
1.07097
2.31570
1.88160
1.61536
2.86357
1.00811
2.42952
2.46252
0.62598
1.87913
2.07114
1.69637
2.72919
1.95298
2.65940
2.68816
1.69801
2.31957
2.28654
2.80718
1.59112
3.60734
1.78009
1.63238
2.17701
1.33544
2.11836
2.14726
2.80990
2.20511
1.61737
1.53812
1.11248
2.10652
2.41887
2.84237
2.51260
2.78559
1.79921
1.84376
1.99884
1.69312
1.63668
1.59893
1.23507
2.38830
1.61637
1.88682
2.22883
2.46755
2.12296
2.50784
2.22674
2.42306
2.50587
1.82603
2.09118
1.83640
1.10159
2.74024
2.16411
1.48300
1.93999
1.71913
1.74185
1.17396
2.56835
2.56351
1.94253
1.79172
2.20758
1.19962
1.62856
2.58025
2.23935
1.59705
3.17328
1.03054
1.11485
1.48276
1.25669
1.81228
2.00493
1.61855
1.75018
2.04661
1.39798
2.45494
1.63686
2.59307
2.28768
1.64063
2.36135
3.04496
1.04126
2.03677
0.85720
2.21998
1.98672
1.82835
2.07930
1.83192
2.05063
1.49850
1.73949
1.68374
1.77954
2.22058
1.26721
2.03124
1.68198
1.77669
1.67129
1.86762
1.74937
1.76420
1.45251
0.60404
2.17493
2.40397
2.92652
1.97406
2.20996
1.98384
2.96950
2.66168
1.53689
2.35542
2.92699
1.56736
2.26834
1.30365
1.65058
2.07390
2.65106
1.55086
1.81914
1.39979
2.11137
1.78725
0.39537
1.79653
2.41739
1.45684
1.85998
1.90726
2.07077
1.79079
1.91407
2.80165
2.62745
2.04294
2.18050
1.52078
2.36341
1.62127
2.17303
2.22317
1.53659
2.32777
1.83353
1.89634
2.58204
1.91151
2.25667
1.87075
1.73435
2.36450
2.45308
2.62330
2.25162
1.14585
2.36595
2.21207
2.34206
1.10182
2.38606
0.94347
2.61635
2.62706
2.00978
2.25723
2.91052
2.19160
1.39900
2.07736
0.52313
2.57001
2.11604
2.41511
1.54892
2.40882
2.58791
2.25821
1.57502
1.65987
2.67055
2.23862
2.12211
2.01363
1.19288
2.08560
1.81504
1.94210
2.34935
2.03365
2.01273
2.12614
1.24509
1.95134
2.86833
1.58538
1.88946
1.33934
1.98224
1.71558
2.63348
1.86342
2.28248
1.72563
2.16550
2.87969
1.21445
1.65232
2.02121
2.80589
1.74300
2.23744
1.26501
2.09547
2.27850
1.15267
2.51229
1.49840
1.03687
1.49513
1.48649
2.03775
2.11570
1.96850
0.80698
1.23808
1.95798
2.00167
2.05233
1.46788
2.16605
2.78022
1.17880
1.54725
2.14725
2.09314
2.54532
1.92202
2.09678
2.12533
2.79969
2.15842
1.44469
1.50895
1.59884
2.18387
1.23051
2.24465
1.27483
2.25264
2.55774
2.59094
1.38327
3.11254
1.24602
1.79077
2.46892
2.87246
2.10362
2.02714
1.89437
2.56819
2.17842
2.34720
0.29908
0.87307
2.15457
1.82002
1.76346
2.11653
2.74997
2.16685
2.19085
1.95552
3.10080
2.34649
2.50636
1.46480
2.28058
3.13487
2.37905
2.29355
2.09237
2.34180
1.96355
2.56421
1.89977
1.95016
1.67349
2.34332
3.26854
1.88566
2.08483
1.52440
1.98328
1.83341
2.76636
2.27867
1.78148
2.12275
1.64826
2.27793
1.87324
1.51043
1.47180
1.71360
1.55561
1.66521
2.49013
2.55422
2.43230
2.00994
2.41402
1.09012
1.84302
1.62541
2.28392
2.39555
2.31597
1.62750
1.42270
2.20364
2.59815
1.72023
2.21047
1.74087
2.68468
2.17972
2.75203
1.46559
