0.56731
1.27271
1.79785
1.21142
0.79179
1.35652
0.43834
0.50516
1.28135
0.85319
1.71501
1.12211
0.89315
0.53969
0.47759
0.32728
0.58206
1.19087
0.88719
0.84209
0.61336
0.92245
1.88483
0.64546
1.13165
1.32417
1.01710
0.75176
2.05236
1.04404
1.02700
1.30452
1.46608
0.59469
1.45685
-0.28277
0.38413
0.29114
0.77035
0.52798
0.85317
0.32472
1.00073
1.10817
0.28596
1.09475
0.86517
1.02465
1.45704
1.41559
0.84142
1.01849
0.85956
1.70388
1.03499
0.28133
1.50506
2.18822
0.28630
1.11102
0.54452
0.66671
0.50535
1.03577
0.53028
0.31288
0.63207
1.36802
1.07160
1.20851
1.44564
1.22011
0.70677
0.53074
1.02731
1.42433
0.95559
0.92952
0.80272
0.92675
0.33204
0.42406
1.13506
0.48436
2.43099
1.99058
1.45523
1.34082
0.82784
1.64996
0.74658
0.94129
0.74001
1.04510
1.12838
1.35392
1.71950
0.93626
0.57269
1.24378
